service_id,monday,tuesday,wednesday,thursday,friday,saturday,sunday,start_date,end_date
IDFM:1,1,1,1,1,1,0,0,20240605,20240704
IDFM:10,0,0,1,0,0,0,0,20240605,20240703
IDFM:890,1,1,1,0,1,1,0,20240605,20240703
IDFM:955,0,0,0,1,0,0,1,20240606,20240704
IDFM:1123,1,1,1,1,1,1,0,20240605,20240704
IDFM:10000,1,1,0,1,1,0,0,20240606,20240704
IDFM:11403,0,0,1,0,0,1,0,20240605,20240703
IDFM:12439,0,0,1,1,1,0,0,20240605,20240614
IDFM:12440,1,1,1,1,0,0,0,20240608,20240704
IDFM:12442,0,0,0,0,0,1,0,20240608,20240615
IDFM:12445,0,0,0,0,0,1,0,20240622,20240629
IDFM:12447,1,1,1,1,1,0,0,20240617,20240704
IDFM:12449,0,0,0,0,0,0,1,20240605,20240630
IDFM:12453,1,1,1,1,1,0,1,20240605,20240704
IDFM:12467,1,1,1,1,1,0,1,20240605,20240704
IDFM:12468,0,0,0,0,0,0,1,20240608,20240630
IDFM:12470,1,1,1,1,1,0,0,20240605,20240704
IDFM:12473,0,0,1,1,1,1,0,20240605,20240615
IDFM:12474,0,0,0,0,0,0,1,20240605,20240630
IDFM:12479,0,0,0,0,1,0,0,20240607,20240629
IDFM:12496,0,0,0,0,0,0,1,20240609,20240630
IDFM:12498,0,0,0,0,0,0,1,20240609,20240616
IDFM:12514,1,1,1,1,1,1,0,20240617,20240704
IDFM:12521,1,1,1,1,0,1,0,20240608,20240704
IDFM:12525,0,0,0,0,0,0,1,20240605,20240630
IDFM:12562,1,1,1,1,1,0,1,20240605,20240704
IDFM:12617,1,1,1,1,0,0,1,20240609,20240704
IDFM:12653,1,1,1,1,1,0,0,20240605,20240704
IDFM:12675,1,1,1,1,0,0,1,20240608,20240704
IDFM:12729,1,1,1,1,1,0,0,20240605,20240704
IDFM:12831,0,0,1,1,1,0,1,20240605,20240616
IDFM:13058,1,1,1,1,1,0,0,20240605,20240704
IDFM:13106,0,0,0,0,1,0,0,20240621,20240628
IDFM:13134,1,1,1,1,0,0,1,20240609,20240704
IDFM:13338,1,1,1,1,0,0,0,20240608,20240704
IDFM:13408,0,0,0,0,0,0,1,20240623,20240630
IDFM:13574,1,1,1,1,1,1,1,20240605,20240704
IDFM:15123,0,0,1,0,1,0,0,20240605,20240703
IDFM:15127,1,1,0,1,0,0,0,20240606,20240704
IDFM:15469,0,1,1,1,1,1,0,20240605,20240704
IDFM:24033,0,0,1,1,1,0,0,20240605,20240607
IDFM:24308,1,1,1,1,1,0,0,20240610,20240628
IDFM:24331,1,1,1,1,1,1,0,20240610,20240629
IDFM:25395,1,1,1,1,1,0,1,20240610,20240630
IDFM:25407,1,1,1,1,1,1,1,20240610,20240630
IDFM:27740,1,0,0,0,0,1,0,20240608,20240629
IDFM:57442,1,1,0,1,0,0,0,20240606,20240627
IDFM:60408,0,0,1,0,1,0,0,20240605,20240628
IDFM:64616,1,0,1,1,1,0,0,20240614,20240628
IDFM:66805,1,1,1,0,1,0,0,20240605,20240628
IDFM:66809,0,0,0,1,0,0,0,20240606,20240627
IDFM:66911,1,1,0,0,1,0,0,20240607,20240628
IDFM:66914,0,0,1,1,0,0,0,20240605,20240627
IDFM:70833,0,0,1,1,0,0,0,20240605,20240613
IDFM:71077,1,1,1,1,1,1,0,20240614,20240629
IDFM:71170,0,0,1,0,0,0,0,20240605,20240612
IDFM:71173,1,1,0,1,0,0,0,20240617,20240627
IDFM:71231,0,0,0,1,0,0,0,20240606,20240613
IDFM:71318,0,0,1,1,0,0,0,20240605,20240613
IDFM:71411,1,1,0,1,1,0,0,20240614,20240628
IDFM:71446,1,1,1,1,0,0,0,20240617,20240627
IDFM:71477,0,0,1,0,0,0,0,20240619,20240626
IDFM:86770,1,1,1,1,0,0,0,20240610,20240627
IDFM:89055,1,1,1,1,0,0,0,20240617,20240628
IDFM:91562,0,1,0,0,0,0,0,20240611,20240625
IDFM:100000,0,0,0,0,0,1,0,20240608,20240629
IDFM:100021,0,0,0,0,1,0,0,20240607,20240628
IDFM:100022,1,1,1,1,0,0,0,20240701,20240704
IDFM:100128,0,0,0,0,0,0,1,20240609,20240630
IDFM:100205,1,1,1,1,1,0,0,20240605,20240628
IDFM:100670,1,1,1,1,0,0,0,20240605,20240627
IDFM:100997,1,1,1,1,1,1,0,20240605,20240629
IDFM:102254,1,1,1,1,1,0,0,20240605,20240621
IDFM:102302,1,1,0,1,1,0,0,20240606,20240621
IDFM:102388,1,1,1,1,1,0,0,20240624,20240628
IDFM:102459,0,0,1,0,0,0,0,20240605,20240619
IDFM:103719,0,0,0,0,0,1,1,20240608,20240630
IDFM:103722,1,1,1,1,1,1,1,20240605,20240630
IDFM:103937,1,1,0,1,1,0,0,20240606,20240628
IDFM:103939,0,0,1,0,0,0,0,20240605,20240626
IDFM:107267,1,1,1,1,1,0,1,20240605,20240630
IDFM:107298,0,0,1,1,0,0,0,20240605,20240613
IDFM:107320,0,0,0,0,0,1,0,20240608,20240608
IDFM:107462,0,0,0,0,0,0,1,20240609,20240609
IDFM:107545,0,0,0,0,0,0,1,20240616,20240630
IDFM:107603,0,0,0,0,0,1,0,20240615,20240629
IDFM:107629,1,1,1,1,1,0,0,20240614,20240628
IDFM:110458,1,1,1,1,1,0,1,20240614,20240630
IDFM:119385,0,0,0,0,1,0,0,20240607,20240628
IDFM:119412,1,1,1,1,1,0,0,20240605,20240628
IDFM:119480,0,0,0,0,1,0,0,20240621,20240621
IDFM:119696,1,1,1,1,0,0,0,20240605,20240627
IDFM:123764,0,1,1,1,0,0,0,20240605,20240627
IDFM:123770,0,1,1,1,0,0,1,20240605,20240630
IDFM:123931,1,0,0,0,1,0,0,20240607,20240628
IDFM:124096,1,0,0,0,0,0,0,20240610,20240624
IDFM:124351,0,0,0,0,1,1,0,20240607,20240629
IDFM:124672,0,1,1,1,1,0,1,20240605,20240630
IDFM:124701,0,0,0,0,0,1,0,20240608,20240704
IDFM:125464,1,1,1,1,0,0,1,20240605,20240630
IDFM:138420,0,1,1,1,0,0,0,20240702,20240704
IDFM:138421,1,0,0,0,0,0,0,20240610,20240701
IDFM:138452,1,0,0,0,0,0,0,20240701,20240701
IDFM:138465,0,1,1,1,1,0,0,20240605,20240628
IDFM:138473,0,1,1,1,1,0,0,20240605,20240704
IDFM:140101,0,0,1,0,0,0,0,20240703,20240703
IDFM:140318,1,1,0,1,0,0,0,20240701,20240704
IDFM:141972,0,0,0,0,0,0,1,20240609,20240704
IDFM:141973,0,0,0,0,0,1,1,20240608,20240704
IDFM:147210,0,0,1,1,1,1,0,20240605,20240629
IDFM:147212,0,0,1,1,1,1,1,20240605,20240630
IDFM:151191,0,0,0,0,1,0,1,20240607,20240630
IDFM:151192,1,1,1,1,1,0,1,20240605,20240630
IDFM:151193,1,1,1,1,1,1,0,20240605,20240704
IDFM:151219,1,1,1,1,1,1,0,20240605,20240629
IDFM:151278,1,1,1,1,0,0,1,20240605,20240704
IDFM:151282,1,1,1,1,0,0,0,20240605,20240704
IDFM:151286,1,1,1,1,1,0,1,20240605,20240704
IDFM:151287,1,1,1,1,1,0,0,20240605,20240704
IDFM:151297,0,0,0,0,1,0,0,20240607,20240704
IDFM:151307,1,1,1,1,1,1,1,20240605,20240704
IDFM:151319,1,1,1,1,0,1,1,20240605,20240704
IDFM:151355,0,0,0,0,1,0,0,20240607,20240704
IDFM:151383,0,0,0,0,0,1,0,20240608,20240704
IDFM:151670,0,0,0,0,0,0,1,20240609,20240704
IDFM:152499,0,0,0,0,1,1,0,20240607,20240629
IDFM:152670,1,1,1,1,0,1,1,20240605,20240630
IDFM:152731,0,0,0,0,1,0,1,20240607,20240630
IDFM:152744,0,0,0,0,0,0,1,20240609,20240630
IDFM:152841,1,1,1,1,1,1,1,20240605,20240630
IDFM:153571,1,1,1,1,0,1,0,20240605,20240629
IDFM:153694,1,1,1,1,0,0,0,20240605,20240704
IDFM:161156,1,1,1,1,0,1,0,20240605,20240704
IDFM:163821,0,0,0,0,0,1,0,20240608,20240629
IDFM:169930,0,0,0,0,1,0,1,20240607,20240704
IDFM:173075,0,0,0,0,0,1,1,20240608,20240609
IDFM:173080,0,0,1,0,0,0,0,20240605,20240612
IDFM:173085,0,0,1,0,0,0,0,20240605,20240612
IDFM:173099,0,0,1,0,0,0,0,20240605,20240612
IDFM:173156,0,0,1,0,0,0,0,20240605,20240612
IDFM:173291,0,0,1,0,0,0,0,20240605,20240612
IDFM:173482,0,0,1,0,0,0,0,20240605,20240612
IDFM:173628,0,0,0,0,1,1,0,20240607,20240608
IDFM:173675,0,0,0,0,1,0,0,20240607,20240607
IDFM:173704,1,1,1,1,1,1,1,20240613,20240704
IDFM:173709,1,1,1,1,1,0,0,20240613,20240704
IDFM:173807,1,1,1,1,0,0,0,20240613,20240704
IDFM:173914,1,1,1,1,1,1,0,20240613,20240704
IDFM:173969,1,1,1,1,1,0,1,20240613,20240704
IDFM:173970,0,0,0,0,1,0,0,20240614,20240628
IDFM:174007,0,0,0,0,1,1,1,20240614,20240630
IDFM:174070,0,0,0,0,1,1,0,20240614,20240629
IDFM:174076,0,0,0,0,0,1,1,20240615,20240630
IDFM:174599,0,0,1,0,0,0,0,20240605,20240612
IDFM:176057,1,1,1,1,0,1,1,20240613,20240704
IDFM:176142,1,1,1,1,0,0,1,20240613,20240704
IDFM:181704,0,0,0,0,1,0,0,20240607,20240629
IDFM:181705,0,0,0,0,1,0,0,20240607,20240704
IDFM:181709,1,1,1,1,0,0,0,20240605,20240704
IDFM:181712,0,0,0,0,1,0,0,20240607,20240629
IDFM:181718,0,0,0,0,1,0,0,20240607,20240704
IDFM:181724,0,0,0,0,1,0,0,20240607,20240704
IDFM:181751,1,1,1,1,1,0,0,20240605,20240704
IDFM:181752,0,0,0,0,1,0,0,20240607,20240704
IDFM:181770,0,0,0,0,0,1,0,20240608,20240704
IDFM:181871,1,1,1,1,0,0,0,20240605,20240704
IDFM:181900,1,1,1,1,1,0,0,20240605,20240704
IDFM:181931,0,0,0,0,1,0,0,20240607,20240704
IDFM:182038,0,0,0,0,1,0,0,20240607,20240628
IDFM:182054,1,1,1,1,0,1,1,20240605,20240623
IDFM:182112,0,0,0,0,0,1,0,20240629,20240629
IDFM:182119,0,0,0,0,1,0,0,20240607,20240630
IDFM:182121,0,0,0,0,0,1,1,20240629,20240630
IDFM:182125,0,0,0,0,1,0,0,20240607,20240629
IDFM:182319,0,0,0,0,1,0,0,20240607,20240630
IDFM:182320,0,0,0,0,0,0,1,20240630,20240630
IDFM:182415,0,1,1,1,0,0,0,20240625,20240704
IDFM:182418,0,1,1,1,0,0,0,20240621,20240704
IDFM:182474,0,0,0,0,1,0,0,20240607,20240628
IDFM:182596,0,1,1,1,1,0,0,20240605,20240628
IDFM:182601,0,0,0,0,1,1,0,20240607,20240628
IDFM:182606,0,0,0,0,1,0,1,20240607,20240628
IDFM:182679,0,0,0,0,1,0,0,20240607,20240628
IDFM:182768,1,0,0,0,0,0,0,20240624,20240624
IDFM:182770,1,1,1,1,0,0,0,20240605,20240620
IDFM:182783,1,0,1,1,0,1,1,20240605,20240624
IDFM:182798,0,0,0,0,0,0,1,20240609,20240623
IDFM:182819,0,0,0,0,0,1,0,20240608,20240622
IDFM:182820,1,1,1,1,0,0,0,20240605,20240621
IDFM:183227,1,1,1,1,0,1,0,20240605,20240622
IDFM:183250,1,1,1,1,0,0,1,20240605,20240623
IDFM:183291,0,0,0,0,0,1,0,20240608,20240622
IDFM:184170,0,0,0,0,0,0,1,20240609,20240704
IDFM:184437,0,1,1,1,1,0,0,20240605,20240628
IDFM:184453,0,0,0,0,1,0,1,20240607,20240628
IDFM:184638,0,0,0,0,0,1,1,20240608,20240623
IDFM:185496,0,0,0,0,0,0,1,20240609,20240623
IDFM:186013,1,0,1,1,0,0,0,20240605,20240624
IDFM:188378,0,0,0,0,1,1,1,20240607,20240630
IDFM:190535,0,1,0,0,0,0,0,20240611,20240702
IDFM:190536,0,0,0,1,1,0,0,20240606,20240704
IDFM:190540,1,1,1,0,0,1,1,20240605,20240703
IDFM:190552,0,0,0,1,0,0,0,20240606,20240704
IDFM:190612,1,0,1,0,0,1,1,20240605,20240703
IDFM:190681,1,1,1,0,1,1,1,20240605,20240703
IDFM:190719,1,0,1,1,1,1,1,20240605,20240704
IDFM:190774,0,0,1,1,1,0,0,20240605,20240704
IDFM:190832,1,0,0,0,0,1,1,20240608,20240701
IDFM:190853,0,0,1,1,0,0,0,20240605,20240704
IDFM:190860,1,1,1,0,0,0,0,20240605,20240703
IDFM:192594,1,1,1,1,0,1,1,20240605,20240630
IDFM:194266,0,0,0,0,0,1,0,20240622,20240622
IDFM:194271,0,0,0,0,0,1,1,20240608,20240630
IDFM:194304,1,1,1,1,1,0,0,20240605,20240628
IDFM:194417,1,1,1,1,1,1,1,20240605,20240630
IDFM:194891,0,0,0,0,0,1,1,20240615,20240630
IDFM:195211,0,0,0,0,0,1,0,20240608,20240629
IDFM:199640,0,1,0,0,1,0,0,20240607,20240628
IDFM:199649,1,0,1,1,0,0,0,20240605,20240627
IDFM:199685,1,0,1,1,0,1,0,20240605,20240629
IDFM:199690,1,0,1,1,0,1,1,20240605,20240630
IDFM:199692,1,0,1,1,0,0,1,20240605,20240630
IDFM:199726,0,1,0,0,1,0,1,20240607,20240630
IDFM:199745,0,1,0,0,1,1,0,20240607,20240629
IDFM:200185,0,1,0,0,1,1,1,20240607,20240630
IDFM:210083,0,0,0,0,0,0,1,20240616,20240616
IDFM:210118,0,0,0,0,0,0,1,20240609,20240630
IDFM:211461,1,1,1,1,1,1,1,20240614,20240630
IDFM:211989,0,0,0,0,0,0,1,20240623,20240623
IDFM:219434,0,0,0,0,0,1,0,20240608,20240622
IDFM:219439,0,0,0,0,0,0,1,20240609,20240623
IDFM:219534,0,0,0,0,0,1,0,20240608,20240629
IDFM:219544,0,0,0,0,0,1,0,20240608,20240629
IDFM:219569,0,0,0,0,0,1,1,20240608,20240623
IDFM:219578,0,0,0,0,0,1,0,20240608,20240623
IDFM:233257,1,0,1,1,1,0,0,20240605,20240704
IDFM:243748,1,0,1,0,0,0,0,20240605,20240703
IDFM:244262,1,0,0,1,0,0,0,20240606,20240704
IDFM:248864,1,0,0,0,0,0,1,20240609,20240701
IDFM:252636,1,1,1,0,1,0,0,20240605,20240703
IDFM:259303,0,1,1,1,1,1,1,20240605,20240704
IDFM:271874,1,1,0,1,1,1,0,20240606,20240704
IDFM:274875,0,1,0,1,0,0,0,20240606,20240704
IDFM:306246,1,0,0,1,1,0,0,20240606,20240704
IDFM:306257,0,0,1,1,0,1,0,20240605,20240704
IDFM:306265,0,0,1,1,0,1,1,20240605,20240704
IDFM:306286,0,0,1,1,0,0,1,20240605,20240704
IDFM:306343,0,1,0,0,1,1,1,20240607,20240702
IDFM:306347,0,1,0,0,1,1,0,20240607,20240702
IDFM:306369,0,1,0,0,1,0,1,20240607,20240702
IDFM:306536,0,0,1,0,1,1,1,20240605,20240703
IDFM:306540,1,0,1,1,1,0,1,20240605,20240704
IDFM:306542,0,1,0,1,0,1,1,20240606,20240704
IDFM:306543,1,1,0,1,1,1,1,20240606,20240704
IDFM:306554,1,0,1,1,0,1,0,20240605,20240704
IDFM:306559,1,0,1,1,0,0,1,20240605,20240704
IDFM:306562,0,0,0,1,0,1,0,20240606,20240704
IDFM:306564,1,0,0,1,1,1,0,20240606,20240704
IDFM:306565,0,0,0,1,1,1,0,20240606,20240704
IDFM:306566,0,1,0,1,1,0,0,20240606,20240704
IDFM:306569,0,0,0,1,1,1,1,20240606,20240704
IDFM:306570,1,1,0,1,0,0,1,20240606,20240704
IDFM:306571,1,0,1,1,0,1,1,20240605,20240704
IDFM:306572,0,1,1,1,0,1,1,20240605,20240704
IDFM:306577,0,1,1,1,0,1,0,20240605,20240704
IDFM:306579,0,1,1,1,0,0,0,20240605,20240704
IDFM:306584,0,0,1,1,1,0,1,20240605,20240704
IDFM:306592,0,1,1,1,0,0,1,20240605,20240704
IDFM:306599,1,0,0,1,1,1,1,20240606,20240704
IDFM:306602,0,1,1,1,1,0,1,20240605,20240704
IDFM:306608,1,1,0,1,1,0,1,20240606,20240704
IDFM:306614,0,0,0,1,0,1,1,20240606,20240704
IDFM:306617,0,1,0,1,1,1,1,20240606,20240704
IDFM:306633,0,0,1,1,1,1,1,20240605,20240704
IDFM:306639,0,0,1,0,1,0,1,20240605,20240703
IDFM:306640,1,0,1,0,1,0,0,20240605,20240703
IDFM:306641,0,1,1,0,1,0,0,20240605,20240703
IDFM:306642,1,1,1,0,1,0,1,20240605,20240703
IDFM:306649,1,1,0,0,1,1,0,20240607,20240702
IDFM:306652,1,1,0,0,1,0,1,20240607,20240702
IDFM:306654,0,1,1,0,1,1,0,20240605,20240703
IDFM:306655,1,1,0,0,1,0,0,20240607,20240702
IDFM:306656,0,1,0,0,1,0,0,20240607,20240702
IDFM:306659,1,0,0,0,1,1,0,20240607,20240701
IDFM:306660,1,0,0,0,1,0,0,20240607,20240701
IDFM:306669,1,0,1,0,1,0,1,20240605,20240703
IDFM:306674,0,1,1,0,1,0,1,20240605,20240703
IDFM:306675,1,1,0,0,1,1,1,20240607,20240702
IDFM:306678,0,0,1,0,1,1,0,20240605,20240703
IDFM:306683,0,1,0,0,0,1,1,20240608,20240702
IDFM:306684,0,1,0,0,0,1,0,20240608,20240702
IDFM:306689,1,1,0,0,0,1,1,20240608,20240702
IDFM:306690,0,0,1,0,0,1,1,20240605,20240703
IDFM:306691,0,1,1,0,0,1,1,20240605,20240703
IDFM:306692,1,0,1,0,0,1,0,20240605,20240703
IDFM:306703,1,0,0,0,0,1,0,20240608,20240701
IDFM:306708,1,1,0,0,0,1,0,20240608,20240702
IDFM:306709,0,1,0,0,0,0,1,20240609,20240702
IDFM:306718,1,1,0,0,0,0,0,20240610,20240702
IDFM:306722,0,1,1,0,0,0,0,20240605,20240703
IDFM:306757,0,0,1,1,0,0,0,20240605,20240606
IDFM:308550,0,1,0,0,0,0,0,20240618,20240625
IDFM:313505,1,1,1,1,1,0,0,20240607,20240628
IDFM:TN:5942647,0,0,0,1,0,0,0,20240606,20240606
IDFM:TN:5942651,0,0,0,0,1,1,0,20240607,20240608
IDFM:TN:5942663,0,0,1,0,0,0,0,20240605,20240605
IDFM:TN:5942665,1,1,1,1,1,0,0,20240607,20240704
IDFM:TN:5942680,1,1,1,1,1,0,0,20240607,20240704
IDFM:TN:5942687,0,0,0,0,1,0,0,20240621,20240621
IDFM:TN:5942834,0,0,0,0,0,1,0,20240608,20240629
IDFM:TN:5942835,0,0,0,0,0,1,1,20240608,20240630
IDFM:TN:5942853,0,0,0,0,0,0,1,20240609,20240630
IDFM:TN:5942866,0,0,0,0,0,1,0,20240622,20240622
IDFM:TN:5942867,0,0,0,0,0,1,0,20240608,20240608
IDFM:TN:5942868,0,0,0,0,0,1,1,20240608,20240609
IDFM:TN:5942953,0,0,0,0,0,1,0,20240615,20240629
IDFM:TN:5942954,0,0,0,0,0,1,1,20240615,20240630
IDFM:TN:5942988,0,0,0,0,0,0,1,20240616,20240630
IDFM:TN:5942991,0,1,1,1,0,0,0,20240702,20240704
IDFM:TN:5943036,1,0,0,0,0,0,1,20240609,20240701
IDFM:TN:5943087,0,0,0,0,0,0,1,20240609,20240630
IDFM:TN:5943612,1,1,1,1,1,0,0,20240610,20240704
IDFM:TN:5943688,0,0,0,0,0,0,1,20240609,20240609
IDFM:TN:5944043,0,0,0,0,0,1,0,20240608,20240629
IDFM:TN:5944082,1,0,0,0,0,0,0,20240610,20240610
IDFM:TN:5944185,1,0,0,0,0,0,0,20240617,20240701
IDFM:TN:5944292,1,1,1,1,1,1,1,20240607,20240704
IDFM:TN:5944333,1,1,1,1,1,1,0,20240607,20240704
IDFM:TN:5944375,0,0,0,0,0,1,1,20240615,20240630
IDFM:TN:5944381,1,1,1,1,1,0,0,20240610,20240704
IDFM:TN:5944485,1,1,1,1,1,1,1,20240607,20240704
IDFM:TN:5944486,1,1,1,1,1,1,0,20240607,20240704
IDFM:TN:5944597,0,0,0,0,0,1,1,20240609,20240630
IDFM:TN:5944769,1,1,1,1,1,0,1,20240607,20240704
IDFM:TN:5944826,0,0,0,0,1,0,0,20240607,20240607
IDFM:TN:5944828,1,1,1,1,1,0,0,20240610,20240704
IDFM:TN:5944851,0,0,0,0,0,1,0,20240608,20240629
IDFM:TN:5944903,0,0,0,0,0,1,0,20240615,20240615
IDFM:TN:5945104,1,0,1,1,1,1,1,20240607,20240704
IDFM:TN:5945121,0,1,0,0,0,0,0,20240611,20240702
IDFM:TN:5945294,0,0,0,0,0,1,0,20240629,20240629
IDFM:TN:5945382,1,0,1,1,1,0,0,20240610,20240704
IDFM:TN:5945406,1,1,1,1,0,0,0,20240624,20240704
IDFM:TN:5945468,1,1,1,1,1,0,0,20240607,20240621
IDFM:TN:5945486,1,1,1,1,1,0,0,20240607,20240704
IDFM:TN:5945490,0,0,0,0,0,1,1,20240608,20240616
IDFM:TN:5945492,0,0,0,0,0,1,1,20240608,20240630
IDFM:TN:5945494,0,0,0,0,0,0,1,20240608,20240630
IDFM:TN:5945496,0,0,0,0,0,0,1,20240616,20240616
IDFM:TN:5945498,0,0,0,0,0,1,1,20240622,20240630
IDFM:TN:5945499,0,0,0,0,0,1,0,20240622,20240629
IDFM:TN:5945544,1,1,1,1,1,0,0,20240607,20240628
IDFM:TN:5945556,1,1,1,1,1,0,0,20240607,20240620
IDFM:TN:5945566,0,0,0,0,1,0,0,20240621,20240628
IDFM:TN:5945567,1,1,1,1,1,0,0,20240624,20240628
IDFM:TN:5945576,1,1,1,1,0,0,0,20240701,20240704
IDFM:TN:5945668,1,0,0,0,0,0,1,20240609,20240630
IDFM:TN:5945669,1,0,0,0,0,0,0,20240610,20240701
IDFM:TN:5945786,1,1,1,1,1,0,0,20240607,20240704
IDFM:TN:5945810,1,0,1,1,1,0,0,20240607,20240704
IDFM:TN:5945833,1,1,1,1,1,0,0,20240607,20240704
IDFM:TN:5945915,1,1,1,1,1,0,0,20240607,20240704
IDFM:TN:5945918,0,0,0,0,0,1,1,20240608,20240630
IDFM:TN:5945943,0,0,0,0,0,1,1,20240608,20240630
IDFM:TN:5945988,0,0,0,0,0,1,1,20240608,20240630
IDFM:TN:5945990,0,0,0,0,0,0,1,20240608,20240630
IDFM:TN:5945992,0,1,1,1,0,0,0,20240625,20240704
IDFM:TN:5945993,0,0,0,0,0,1,0,20240615,20240629
IDFM:TN:5945996,0,0,0,0,0,0,1,20240616,20240623
IDFM:TN:5945997,0,0,0,0,0,0,1,20240623,20240623
IDFM:TN:5946168,0,1,1,1,1,0,0,20240607,20240704
IDFM:TN:5946187,1,1,1,1,1,1,1,20240608,20240704
IDFM:TN:5946190,1,1,1,1,1,1,1,20240608,20240704
IDFM:TN:5946192,0,0,0,0,0,1,0,20240608,20240630
IDFM:TN:5946197,0,0,0,0,0,0,1,20240609,20240630
IDFM:TN:5946198,0,0,0,0,0,0,1,20240609,20240616
IDFM:TN:5946200,1,0,0,0,0,0,0,20240610,20240624
IDFM:TN:5946216,1,1,1,1,1,1,1,20240607,20240704
IDFM:TN:5946221,1,1,1,1,1,1,0,20240607,20240704
IDFM:TN:5946224,0,1,0,0,0,0,0,20240608,20240702
IDFM:TN:5946229,0,0,0,0,0,1,1,20240608,20240630
IDFM:TN:5946238,0,0,0,0,0,1,1,20240616,20240630
IDFM:TN:5946239,0,0,0,0,0,0,1,20240616,20240630
IDFM:TN:5946240,0,1,0,0,0,0,0,20240618,20240625
IDFM:TN:5946483,0,0,0,0,0,1,1,20240607,20240704
IDFM:TN:5946486,1,0,1,1,1,0,0,20240607,20240704
IDFM:TN:5946489,1,1,1,1,1,1,1,20240607,20240704
IDFM:TN:5946498,0,1,0,0,0,1,1,20240608,20240702
IDFM:TN:5946500,0,1,0,0,0,1,1,20240608,20240702
IDFM:TN:5946534,1,1,1,1,1,0,0,20240607,20240704
IDFM:TN:5946536,1,0,1,1,1,0,0,20240607,20240704
IDFM:TN:5946541,1,1,1,1,1,0,0,20240607,20240704
IDFM:TN:5946554,0,1,0,0,0,0,0,20240608,20240702
IDFM:TN:5946564,0,0,0,0,0,1,1,20240615,20240630
IDFM:TN:5946565,0,0,0,0,0,1,1,20240615,20240616
IDFM:TN:5946568,0,0,0,0,0,1,0,20240615,20240629
IDFM:TN:5946590,1,0,1,1,1,0,0,20240617,20240628
IDFM:TN:5946600,0,0,0,0,0,0,1,20240623,20240630
IDFM:TN:5946609,1,1,1,1,1,1,1,20240607,20240704
IDFM:TN:5946642,1,1,1,1,1,1,1,20240607,20240704
IDFM:TN:5946643,1,0,1,1,1,0,0,20240607,20240704
IDFM:TN:5946653,0,0,0,0,0,1,1,20240608,20240630
IDFM:TN:5946654,0,0,0,0,0,0,1,20240608,20240630
IDFM:TN:5946875,0,0,0,0,1,0,0,20240607,20240621
IDFM:TN:5946881,1,1,1,1,1,0,0,20240610,20240704
IDFM:TN:5946972,1,1,1,1,1,1,1,20240607,20240704
IDFM:TN:5946988,0,0,0,0,0,1,1,20240608,20240702
IDFM:TN:5947009,1,1,1,1,1,0,0,20240607,20240704
IDFM:TN:5947026,1,0,0,0,0,0,0,20240609,20240701
IDFM:TN:5947031,0,0,0,0,0,1,0,20240615,20240622
IDFM:TN:5947202,0,0,0,0,1,0,0,20240607,20240614
IDFM:TN:5947229,1,1,1,1,1,0,0,20240617,20240704
IDFM:TN:5947242,1,1,1,1,1,0,0,20240607,20240704
IDFM:TN:5947243,0,1,1,0,0,0,0,20240618,20240619
IDFM:TN:5947345,0,0,0,0,0,1,0,20240608,20240629
IDFM:TN:5947346,1,0,0,0,0,0,1,20240609,20240701
IDFM:TN:5947348,0,0,0,0,0,0,1,20240609,20240630
IDFM:TN:5947352,1,0,0,0,0,0,0,20240624,20240624
IDFM:TN:5947353,1,0,0,0,0,0,0,20240701,20240701
IDFM:TN:5947751,0,1,1,1,1,0,0,20240607,20240704
IDFM:TN:5947760,1,0,0,0,0,0,0,20240607,20240701
IDFM:TN:5947819,1,1,1,1,1,1,1,20240607,20240704
IDFM:TN:5947856,0,0,0,0,0,1,1,20240622,20240623
IDFM:TN:5947940,0,0,0,0,0,1,1,20240608,20240630
IDFM:TN:5948129,1,1,1,1,1,0,0,20240607,20240704
IDFM:TN:5948140,1,1,1,1,1,0,0,20240607,20240704
IDFM:TN:5948171,1,1,1,1,1,0,0,20240607,20240704
IDFM:TN:5948192,0,1,1,1,1,1,1,20240607,20240704
IDFM:TN:5948194,0,1,1,1,1,1,0,20240607,20240704
IDFM:TN:5948239,1,1,1,1,1,0,0,20240610,20240614
IDFM:TN:5948240,1,0,0,0,0,0,0,20240610,20240701
IDFM:TN:5948241,0,0,0,1,0,0,0,20240613,20240613
IDFM:TN:5948242,1,1,1,1,0,0,0,20240617,20240620
IDFM:TN:5948244,0,0,0,0,1,1,1,20240621,20240623
IDFM:TN:5948251,0,0,0,0,0,0,1,20240630,20240630
IDFM:TN:5948537,1,1,1,1,1,0,0,20240607,20240628
IDFM:TN:5948539,0,0,0,0,1,1,1,20240607,20240630
IDFM:TN:5948558,1,1,1,1,1,1,1,20240607,20240630
IDFM:TN:5948576,0,0,0,0,0,1,1,20240607,20240630
IDFM:TN:5948592,0,0,0,0,0,1,1,20240608,20240704
IDFM:TN:5948609,1,1,1,1,0,1,1,20240608,20240704
IDFM:TN:5948756,0,1,1,1,1,0,0,20240611,20240614
IDFM:TN:5948757,1,1,1,1,0,1,1,20240615,20240704
IDFM:TN:5948901,1,1,1,1,1,0,0,20240607,20240704
IDFM:TN:5948957,0,0,0,0,0,1,1,20240608,20240704
IDFM:TN:5948958,0,0,0,0,0,1,1,20240608,20240704
IDFM:TN:5949135,1,0,0,0,1,0,0,20240610,20240704
IDFM:TN:5949138,0,1,1,1,1,0,0,20240611,20240704
IDFM:TN:5949140,0,1,1,1,0,0,0,20240618,20240627
IDFM:TN:5949196,1,1,1,1,1,1,1,20240607,20240704
IDFM:TN:5949211,1,1,1,1,1,0,0,20240617,20240621
IDFM:TN:5949273,0,0,0,0,0,1,1,20240608,20240704
IDFM:TN:5949318,1,1,1,1,1,1,0,20240607,20240704
IDFM:TN:5949336,1,0,1,1,1,0,0,20240617,20240621
IDFM:TN:5949340,0,1,0,0,0,0,0,20240618,20240618
IDFM:TN:5949378,1,1,1,1,1,1,0,20240607,20240704
IDFM:TN:5949379,1,1,1,1,1,1,1,20240607,20240704
IDFM:TN:5949380,1,1,1,1,1,1,0,20240607,20240704
IDFM:TN:5949400,0,0,0,0,0,0,1,20240609,20240630
IDFM:TN:5949450,1,0,1,1,1,1,1,20240607,20240704
IDFM:TN:5949453,1,1,1,1,1,1,1,20240607,20240704
IDFM:TN:5949468,0,1,0,0,0,0,0,20240610,20240702
IDFM:TN:5949791,0,0,0,0,0,1,1,20240607,20240704
IDFM:TN:5949798,1,1,1,1,1,1,1,20240607,20240704
IDFM:TN:5949812,1,1,1,1,1,0,0,20240611,20240628
IDFM:TN:5949922,1,1,1,1,1,1,1,20240607,20240703
IDFM:TN:5949957,0,0,0,1,0,0,0,20240704,20240704
IDFM:TN:5950057,1,1,1,1,1,1,1,20240607,20240704
IDFM:TN:5950099,0,0,0,0,1,0,0,20240614,20240614
IDFM:TN:5950147,1,1,1,1,0,0,0,20240607,20240704
IDFM:TN:5950154,1,1,1,1,1,0,0,20240607,20240704
IDFM:TN:5950157,0,0,0,0,1,0,0,20240607,20240704
IDFM:TN:5950163,0,1,1,0,0,0,0,20240611,20240612
IDFM:TN:5950184,1,1,1,1,1,0,0,20240617,20240628
IDFM:TN:5950186,1,1,1,1,0,0,0,20240617,20240704
IDFM:TN:5950310,1,1,1,1,1,0,0,20240607,20240704
IDFM:TN:5950311,1,1,1,1,1,0,0,20240607,20240704
IDFM:TN:5950314,1,1,1,1,1,0,0,20240607,20240704
IDFM:TN:5950360,0,1,1,0,0,0,0,20240625,20240626
IDFM:TN:5950361,0,0,1,0,0,0,0,20240626,20240626
IDFM:TN:5950364,1,1,1,0,0,0,0,20240701,20240703
IDFM:TN:5950370,0,1,0,0,0,0,0,20240702,20240702
IDFM:TN:5950422,1,1,1,1,1,0,0,20240607,20240704
IDFM:TN:5950435,0,0,0,0,1,0,0,20240628,20240628
IDFM:TN:5950478,1,0,0,1,1,0,0,20240607,20240704
IDFM:TN:5950487,1,1,1,1,0,0,0,20240610,20240704
IDFM:TN:5950496,1,0,0,1,0,0,0,20240624,20240627
IDFM:TN:5950500,0,1,1,0,1,0,0,20240625,20240628
IDFM:TN:5950541,1,1,1,0,1,0,0,20240607,20240704
IDFM:TN:5950542,1,1,1,1,1,0,0,20240607,20240704
IDFM:TN:5950552,1,1,1,1,1,0,0,20240607,20240704
IDFM:TN:5950554,0,0,0,1,0,0,0,20240613,20240627
IDFM:TN:5950555,0,0,0,1,0,0,0,20240620,20240620
IDFM:TN:5950565,0,1,1,0,0,0,0,20240702,20240703
IDFM:TN:5950587,0,0,0,0,0,1,0,20240608,20240615
IDFM:TN:5950601,0,0,0,0,0,1,0,20240608,20240615
IDFM:TN:5950626,0,0,0,0,0,1,1,20240629,20240630
IDFM:TN:5950648,0,0,0,0,0,0,1,20240608,20240616
IDFM:TN:5950652,1,0,0,0,0,0,0,20240610,20240617
IDFM:TN:5950669,0,0,0,0,0,0,1,20240622,20240630
IDFM:TN:5950780,0,0,0,0,1,1,1,20240607,20240630
IDFM:TN:5950791,1,0,0,0,0,0,1,20240609,20240701
IDFM:TN:5950899,1,1,1,1,1,1,1,20240607,20240704
IDFM:TN:5950920,0,0,0,0,0,1,1,20240608,20240630
IDFM:TN:5950926,0,0,0,0,0,1,1,20240608,20240630
IDFM:TN:5950999,1,1,1,1,1,0,0,20240610,20240628
IDFM:TN:5951151,1,1,1,1,1,1,1,20240607,20240704
IDFM:TN:5951590,1,1,1,1,1,0,0,20240607,20240704
IDFM:TN:5951591,1,1,1,1,1,1,1,20240607,20240704
IDFM:TN:5951592,0,1,1,1,1,1,1,20240607,20240704
IDFM:TN:5951593,0,1,1,1,1,1,1,20240607,20240704
IDFM:TN:5951620,1,1,1,0,1,0,0,20240617,20240621
IDFM:TN:5951621,1,0,0,0,0,0,0,20240617,20240701
IDFM:TN:5951622,1,0,0,0,0,0,0,20240617,20240701
IDFM:TN:5951725,1,1,1,1,1,1,1,20240607,20240704
IDFM:TN:5951726,1,1,1,1,1,0,0,20240607,20240704
IDFM:TN:5951733,0,0,0,0,0,1,1,20240615,20240701
IDFM:TN:5951744,1,1,1,1,1,0,0,20240607,20240704
IDFM:TN:5951801,1,1,1,1,1,1,1,20240607,20240704
IDFM:TN:5951810,0,0,1,0,0,0,0,20240619,20240619
IDFM:TN:5951859,1,1,1,1,1,1,1,20240607,20240704
IDFM:TN:5951886,1,0,1,0,1,0,0,20240617,20240621
IDFM:TN:5952102,1,1,1,1,1,0,1,20240607,20240704
IDFM:TN:5952291,1,1,1,1,1,1,1,20240607,20240704
IDFM:TN:5952299,0,0,0,0,0,1,1,20240608,20240630
IDFM:TN:5952307,0,0,0,0,0,1,1,20240608,20240630
IDFM:TN:5952308,1,0,0,0,0,0,1,20240609,20240701
IDFM:TN:5952530,1,1,1,1,1,0,0,20240607,20240704
IDFM:TN:5952531,1,1,0,1,1,0,0,20240607,20240704
IDFM:TN:5952540,0,0,1,0,0,0,0,20240619,20240703
IDFM:TN:5952544,0,0,1,0,0,0,0,20240703,20240703
IDFM:TN:5952682,1,1,0,1,1,1,1,20240607,20240704
IDFM:TN:5952903,1,1,1,1,1,0,0,20240607,20240704
IDFM:TN:5952909,1,1,1,0,1,0,0,20240607,20240703
IDFM:TN:5952920,0,0,0,1,0,0,0,20240620,20240704
IDFM:TN:5953000,0,0,1,1,1,0,0,20240607,20240704
IDFM:TN:5953001,0,0,1,1,1,1,1,20240607,20240704
IDFM:TN:5953002,1,1,0,0,1,0,0,20240607,20240702
IDFM:TN:5953003,1,0,1,1,1,1,1,20240607,20240704
IDFM:TN:5953004,1,0,1,1,1,0,0,20240607,20240704
IDFM:TN:5953023,0,0,0,0,0,1,1,20240615,20240630
IDFM:TN:5953024,0,0,0,0,0,1,1,20240615,20240702
IDFM:TN:5953036,1,0,0,0,0,0,1,20240616,20240701
IDFM:TN:5953039,1,1,0,0,0,0,0,20240617,20240702
IDFM:TN:5953040,0,0,1,1,0,0,0,20240617,20240704
IDFM:TN:5953041,0,1,0,0,0,0,0,20240618,20240702
IDFM:TN:5953155,1,0,1,1,1,1,1,20240607,20240704
IDFM:TN:5953157,0,1,1,1,1,1,1,20240607,20240704
IDFM:TN:5953387,1,1,1,1,1,1,0,20240607,20240704
IDFM:TN:5953401,1,1,1,1,1,0,1,20240607,20240704
IDFM:TN:5953404,0,0,0,0,0,1,1,20240609,20240630
IDFM:TN:5953414,0,0,0,0,0,0,1,20240609,20240630
IDFM:TN:5953429,0,0,0,0,0,1,1,20240615,20240630
IDFM:TN:5953511,1,1,1,1,1,0,0,20240610,20240628
IDFM:TN:5953517,0,0,0,0,0,0,1,20240608,20240623
IDFM:TN:5953533,0,0,0,0,0,1,1,20240608,20240623
IDFM:TN:5953540,0,0,0,0,0,1,0,20240608,20240623
IDFM:TN:5953552,0,0,0,0,0,0,1,20240609,20240624
IDFM:TN:5953846,1,1,1,1,1,1,1,20240609,20240704
IDFM:TN:5953865,0,0,0,0,0,0,1,20240616,20240630
IDFM:TN:5953889,0,0,0,0,0,0,1,20240609,20240623
IDFM:TN:5953949,0,0,0,0,0,1,0,20240608,20240629
IDFM:TN:5954154,0,1,1,1,1,1,0,20240611,20240704
IDFM:TN:5954247,0,0,0,0,0,1,0,20240608,20240630
IDFM:TN:5954255,0,0,0,0,0,1,0,20240608,20240622
IDFM:TN:5954261,0,0,0,0,0,1,0,20240608,20240622
IDFM:TN:5954276,0,0,0,0,0,0,1,20240609,20240630
IDFM:TN:5954283,0,0,0,0,0,1,1,20240615,20240630
IDFM:TN:5954915,1,1,1,1,1,0,0,20240607,20240704
IDFM:TN:5954940,1,0,0,0,0,0,0,20240610,20240701
IDFM:TN:5955223,0,0,0,0,0,0,1,20240609,20240630
IDFM:TN:5955302,1,1,1,1,1,1,1,20240607,20240704
IDFM:TN:5955305,1,1,1,1,1,1,0,20240608,20240704
IDFM:TN:5955348,0,0,0,0,1,1,0,20240607,20240615
IDFM:TN:5955361,1,1,1,1,0,0,0,20240617,20240704
IDFM:TN:5955366,0,1,1,1,1,0,0,20240618,20240704
IDFM:TN:5955715,0,0,0,0,1,1,0,20240607,20240622
IDFM:TN:5955716,1,0,0,0,0,1,1,20240607,20240701
IDFM:TN:5955728,0,0,0,0,1,0,0,20240607,20240621
IDFM:TN:5956004,0,0,0,0,0,1,0,20240608,20240629
IDFM:TN:5956053,0,0,0,0,0,0,1,20240609,20240630
IDFM:TN:5956090,0,1,1,1,0,0,0,20240625,20240704
IDFM:TN:5956477,0,0,0,0,1,1,1,20240607,20240630
IDFM:TN:5956833,1,1,1,1,0,0,0,20240617,20240704
IDFM:TN:5956836,1,1,0,0,1,0,0,20240607,20240625
IDFM:TN:5956892,0,1,1,1,1,1,0,20240607,20240704
IDFM:TN:5956894,1,0,0,0,0,1,1,20240607,20240701
IDFM:TN:5957423,1,1,1,1,1,0,0,20240617,20240704
IDFM:TN:5957557,1,1,1,1,1,0,0,20240621,20240704
IDFM:TN:5958167,0,1,1,1,1,1,0,20240607,20240622
IDFM:TN:5958400,0,1,1,1,1,0,0,20240607,20240704
IDFM:TN:5958402,0,0,0,0,1,0,0,20240607,20240704
IDFM:TN:5958439,1,1,1,1,0,0,0,20240610,20240620
IDFM:TN:5958652,1,1,1,1,1,0,0,20240610,20240621
IDFM:TN:5958919,0,1,1,1,1,1,0,20240607,20240704
IDFM:TN:5959554,0,0,0,0,1,0,0,20240607,20240621
IDFM:TN:5960381,1,0,0,0,1,0,0,20240607,20240701
IDFM:TN:5960873,0,1,1,1,0,0,0,20240617,20240704
IDFM:TN:5961477,0,0,0,0,1,0,0,20240607,20240628
IDFM:TN:5961483,1,1,1,1,0,0,0,20240610,20240704
IDFM:TN:5961504,1,1,1,1,0,0,0,20240610,20240701
IDFM:TN:5961509,0,0,0,0,1,0,0,20240607,20240628
IDFM:TN:5961676,0,1,1,1,0,0,0,20240617,20240704
IDFM:TN:5962284,0,1,1,1,1,0,0,20240607,20240628
IDFM:TN:5962287,1,1,1,1,1,1,1,20240607,20240704
IDFM:TN:5962296,0,0,0,0,1,0,1,20240607,20240630
IDFM:TN:5962298,1,0,0,0,0,0,0,20240610,20240704
IDFM:TN:5962299,1,1,1,1,0,0,0,20240624,20240704
IDFM:TN:5962340,1,1,1,1,0,1,1,20240608,20240704
IDFM:TN:5962341,1,0,0,0,0,0,1,20240609,20240701
IDFM:TN:5962368,0,0,0,0,1,0,1,20240607,20240630
IDFM:TN:5962426,0,0,0,0,1,1,1,20240607,20240630
IDFM:TN:5962489,1,0,0,1,1,0,0,20240607,20240704
IDFM:TN:5962491,0,1,1,0,1,0,0,20240617,20240628
IDFM:TN:5962492,1,0,0,1,1,0,0,20240617,20240628
IDFM:TN:5962498,0,1,1,1,1,0,0,20240607,20240704
IDFM:TN:5962523,0,1,1,1,1,0,0,20240607,20240704
IDFM:TN:5962526,1,0,0,0,1,0,0,20240607,20240624
IDFM:TN:5962531,1,0,0,0,0,0,0,20240617,20240624
IDFM:TN:5962537,0,1,1,1,0,0,0,20240625,20240704
IDFM:TN:5962546,1,0,0,0,1,0,0,20240607,20240624
IDFM:TN:5962548,0,0,0,1,1,0,0,20240620,20240621
IDFM:TN:5962550,0,1,1,1,0,0,0,20240625,20240704
IDFM:TN:5962586,0,0,0,0,1,0,0,20240607,20240621
IDFM:TN:5962588,1,1,1,1,0,0,0,20240610,20240624
IDFM:TN:5962590,0,1,1,1,0,0,0,20240625,20240704
IDFM:TN:5962616,1,0,0,0,1,0,0,20240607,20240624
IDFM:TN:5962628,0,1,1,1,0,0,0,20240625,20240704
IDFM:TN:5962635,0,0,0,0,1,0,0,20240607,20240704
IDFM:TN:5962669,1,1,0,1,1,0,0,20240607,20240704
IDFM:TN:5962672,0,0,1,0,0,0,0,20240612,20240703
IDFM:TN:5962678,1,0,0,0,1,0,0,20240607,20240624
IDFM:TN:5962680,0,1,1,1,0,0,0,20240625,20240704
IDFM:TN:5962691,1,0,0,0,0,0,0,20240610,20240701
IDFM:TN:5962697,0,1,1,1,0,0,0,20240625,20240627
IDFM:TN:5962743,1,1,1,1,1,0,1,20240607,20240704
IDFM:TN:5962809,1,1,0,1,1,1,1,20240607,20240704
IDFM:TN:5962810,1,1,0,1,1,1,0,20240607,20240704
IDFM:TN:5962850,0,0,1,0,0,0,0,20240618,20240703
IDFM:TN:5962886,0,0,0,0,0,1,1,20240608,20240704
IDFM:TN:5962888,1,0,0,0,0,0,0,20240610,20240624
IDFM:TN:5962897,0,0,0,0,0,1,0,20240608,20240622
IDFM:TN:5962921,1,1,1,1,1,0,0,20240607,20240703
IDFM:TN:5962931,1,1,1,1,1,0,0,20240607,20240630
IDFM:TN:5962933,0,0,0,0,0,0,1,20240609,20240623
IDFM:TN:5962941,1,1,1,1,1,1,0,20240607,20240629
IDFM:TN:5962944,0,0,0,0,0,1,1,20240608,20240623
IDFM:TN:5963125,1,1,1,1,1,0,1,20240607,20240704
IDFM:TN:5963191,1,1,1,1,1,1,1,20240607,20240704
IDFM:TN:5963195,1,1,1,1,1,1,1,20240607,20240704
IDFM:TN:5963197,1,0,0,0,0,0,1,20240609,20240701
IDFM:TN:5963231,1,1,1,1,1,1,1,20240607,20240704
IDFM:TN:5965976,0,1,1,1,1,1,0,20240611,20240615
IDFM:TN:5965994,1,1,1,1,1,0,0,20240610,20240628
IDFM:TN:5966381,0,1,1,1,1,0,0,20240607,20240704
IDFM:TN:5966474,1,0,0,0,0,0,1,20240609,20240701
IDFM:TN:5966477,1,0,0,0,0,0,0,20240617,20240617
IDFM:TN:5966841,1,1,1,1,1,0,1,20240607,20240704
IDFM:TN:5966859,1,1,1,1,1,1,0,20240607,20240704
IDFM:TN:5967044,0,1,1,1,1,1,0,20240607,20240704
IDFM:TN:5967049,1,1,1,1,1,0,0,20240607,20240704
IDFM:TN:5967574,1,1,1,1,0,0,0,20240610,20240704
IDFM:TN:5967623,0,0,0,1,1,1,0,20240607,20240629
IDFM:TN:5967638,1,1,1,1,1,1,0,20240610,20240629
IDFM:TN:5967639,0,0,0,0,0,1,0,20240615,20240704
IDFM:TN:5967712,0,0,0,0,0,1,1,20240615,20240704
IDFM:TN:5967724,1,1,0,1,0,0,0,20240610,20240702
IDFM:TN:5967725,1,1,1,0,0,0,0,20240624,20240626
IDFM:TN:5967799,1,1,0,1,1,1,1,20240607,20240704
IDFM:TN:5967809,0,0,0,0,1,1,0,20240607,20240629
IDFM:TN:5969160,0,0,0,0,0,1,0,20240608,20240629
IDFM:TN:5969355,0,0,0,0,0,0,1,20240609,20240630
IDFM:TN:5969505,0,0,0,1,0,0,0,20240607,20240704
IDFM:TN:5969511,1,1,1,1,1,0,0,20240607,20240704
IDFM:TN:5969513,1,0,0,0,0,0,0,20240610,20240701
IDFM:TN:5969515,0,0,1,0,0,0,0,20240612,20240703
IDFM:TN:5969536,1,0,0,0,0,0,0,20240607,20240701
IDFM:TN:5969661,0,0,0,0,0,1,1,20240615,20240630
IDFM:TN:5969693,1,0,0,0,0,0,0,20240608,20240701
IDFM:TN:5969771,0,0,1,1,1,0,0,20240607,20240704
IDFM:TN:5969781,1,1,0,0,0,0,0,20240610,20240702
IDFM:TN:5969829,1,0,1,1,1,0,0,20240607,20240704
IDFM:TN:5969830,0,1,0,0,0,0,0,20240611,20240702
IDFM:TN:5969891,1,0,1,1,1,0,0,20240607,20240704
IDFM:TN:5969919,1,1,1,1,0,0,0,20240607,20240704
IDFM:TN:5969933,0,0,0,0,1,0,0,20240621,20240628
IDFM:TN:5969944,0,1,1,1,1,0,0,20240618,20240704
IDFM:TN:5969989,0,0,0,0,1,1,1,20240607,20240609
IDFM:TN:5970005,0,0,0,0,0,1,0,20240615,20240630
IDFM:TN:5970064,1,1,1,1,0,0,0,20240610,20240704
IDFM:TN:5970079,1,1,0,1,1,0,0,20240607,20240704
IDFM:TN:5970194,1,1,1,1,0,0,0,20240610,20240704
IDFM:TN:5970212,0,0,0,0,1,0,0,20240607,20240621
IDFM:TN:5887430,0,0,1,0,0,0,0,20240605,20240605
IDFM:TN:5832171,0,1,0,0,0,0,0,20240604,20240604
IDFM:TN:5779385,1,0,0,0,0,0,0,20240603,20240603
IDFM:TN:5755997,0,0,0,0,0,0,1,20240602,20240602
